1802
1601
1.000000000000000e-25
1.000000000000000e-06
1.011579454259898e-06
1.023292992280754e-06
1.035142166679343e-06
1.047128548050899e-06
1.059253725177290e-06
1.071519305237607e-06
1.083926914021204e-06
1.096478196143185e-06
1.109174815262401e-06
1.122018454301963e-06
1.135010815672314e-06
1.148153621496882e-06
1.161448613840344e-06
1.174897554939530e-06
1.188502227437019e-06
1.202264434617413e-06
1.216186000646368e-06
1.230268770812381e-06
1.244514611771384e-06
1.258925411794166e-06
1.273503081016663e-06
1.288249551693135e-06
1.303166778452300e-06
1.318256738556407e-06
1.333521432163324e-06
1.348962882591653e-06
1.364583136588924e-06
1.380384264602884e-06
1.396368361055936e-06
1.412537544622755e-06
1.428893958511104e-06
1.445439770745928e-06
1.462177174456718e-06
1.479108388168207e-06
1.496235656094433e-06
1.513561248436207e-06
1.531087461682029e-06
1.548816618912483e-06
1.566751070108150e-06
1.584893192461114e-06
1.603245390690042e-06
1.621810097358930e-06
1.640589773199539e-06
1.659586907437560e-06
1.678804018122559e-06
1.698243652461746e-06
1.717908387157589e-06
1.737800828749376e-06
1.757923613958693e-06
1.778279410038923e-06
1.798870915128787e-06
1.819700858609983e-06
1.840772001468954e-06
1.862087136662866e-06
1.883649089489802e-06
1.905460717963248e-06
1.927524913190937e-06
1.949844599758045e-06
1.972422736114853e-06
1.995262314968879e-06
2.018366363681560e-06
2.041737944669527e-06
2.065380155810531e-06
2.089296130854041e-06
2.113489039836648e-06
2.137962089502233e-06
2.162718523727020e-06
2.187761623949552e-06
2.213094709605636e-06
2.238721138568338e-06
2.264644307593062e-06
2.290867652767775e-06
2.317394649968480e-06
2.344228815319923e-06
2.371373705661655e-06
2.398832919019490e-06
2.426610095082414e-06
2.454708915685028e-06
2.483133105295568e-06
2.511886431509582e-06
2.540972705549306e-06
2.570395782768865e-06
2.600159563165272e-06
2.630267991895381e-06
2.660725059798809e-06
2.691534803926914e-06
2.722701308077910e-06
2.754228703338169e-06
2.786121168629772e-06
2.818382931264455e-06
2.851018267503910e-06
2.884031503126606e-06
2.917427014001166e-06
2.951209226666384e-06
2.985382618917957e-06
3.019951720402019e-06
3.054921113215515e-06
3.090295432513592e-06
3.126079367123955e-06
3.162277660168379e-06
3.198895109691397e-06
3.235936569296281e-06
3.273406948788379e-06
3.311311214825908e-06
3.349654391578279e-06
3.388441561392028e-06
3.427677865464505e-06
3.467368504525316e-06
3.507518739525679e-06
3.548133892335753e-06
3.589219346450050e-06
3.630780547701017e-06
3.672823004980850e-06
3.715352290971728e-06
3.758374042884443e-06
3.801893963205613e-06
3.845917820453535e-06
3.890451449942805e-06
3.935500754557773e-06
3.981071705534969e-06
4.027170343254594e-06
4.073802778041130e-06
4.120975190973304e-06
4.168693834703355e-06
4.216965034285822e-06
4.265795188015926e-06
4.315190768277650e-06
4.365158322401656e-06
4.415704473533120e-06
4.466835921509635e-06
4.518559443749226e-06
4.570881896148752e-06
4.623810213992603e-06
4.677351412871981e-06
4.731512589614803e-06
4.786300923226380e-06
4.841723675840999e-06
4.897788193684466e-06
4.954501908047905e-06
5.011872336272725e-06
5.069907082747045e-06
5.128613839913648e-06
5.188000389289609e-06
5.248074602497722e-06
5.308844442309878e-06
5.370317963702533e-06
5.432503314924337e-06
5.495408738576248e-06
5.559042572704037e-06
5.623413251903491e-06
5.688529308438413e-06
5.754399373371567e-06
5.821032177708710e-06
5.888436553555883e-06
5.956621435290109e-06
6.025595860743581e-06
6.095368972401693e-06
6.165950018614822e-06
6.237348354824191e-06
6.309573444801930e-06
6.382634861905482e-06
6.456542290346562e-06
6.531305526474729e-06
6.606934480075964e-06
6.683439175686148e-06
6.760829753919819e-06
6.839116472814292e-06
6.918309709189363e-06
6.998419960022731e-06
7.079457843841373e-06
7.161434102129027e-06
7.244359600749906e-06
7.328245331389045e-06
7.413102413009177e-06
7.498942093324559e-06
7.585775750291837e-06
7.673614893618186e-06
7.762471166286911e-06
7.852356346100711e-06
7.943282347242822e-06
8.035261221856176e-06
8.128305161640995e-06
8.222426499470711e-06
8.317637711026708e-06
8.413951416451948e-06
8.511380382023760e-06
8.609937521846016e-06
8.709635899560814e-06
8.810488730080146e-06
8.912509381337458e-06
9.015711376059570e-06
9.120108393559096e-06
9.225714271547628e-06
9.332543007969904e-06
9.440608762859225e-06
9.549925860214369e-06
9.660508789898141e-06
9.772372209558111e-06
9.885530946569391e-06
9.999999999999999e-06
1.011579454259898e-05
1.023292992280754e-05
1.035142166679345e-05
1.047128548050898e-05
1.059253725177290e-05
1.071519305237607e-05
1.083926914021204e-05
1.096478196143185e-05
1.109174815262401e-05
1.122018454301963e-05
1.135010815672314e-05
1.148153621496884e-05
1.161448613840341e-05
1.174897554939530e-05
1.188502227437019e-05
1.202264434617413e-05
1.216186000646368e-05
1.230268770812381e-05
1.244514611771384e-05
1.258925411794166e-05
1.273503081016663e-05
1.288249551693135e-05
1.303166778452300e-05
1.318256738556407e-05
1.333521432163324e-05
1.348962882591653e-05
1.364583136588924e-05
1.380384264602887e-05
1.396368361055936e-05
1.412537544622755e-05
1.428893958511104e-05
1.445439770745928e-05
1.462177174456718e-05
1.479108388168207e-05
1.496235656094433e-05
1.513561248436207e-05
1.531087461682032e-05
1.548816618912480e-05
1.566751070108150e-05
1.584893192461114e-05
1.603245390690042e-05
1.621810097358930e-05
1.640589773199539e-05
1.659586907437559e-05
1.678804018122559e-05
1.698243652461746e-05
1.717908387157589e-05
1.737800828749376e-05
1.757923613958693e-05
1.778279410038923e-05
1.798870915128787e-05
1.819700858609982e-05
1.840772001468958e-05
1.862087136662865e-05
1.883649089489802e-05
1.905460717963248e-05
1.927524913190936e-05
1.949844599758045e-05
1.972422736114853e-05
1.995262314968879e-05
2.018366363681560e-05
2.041737944669531e-05
2.065380155810527e-05
2.089296130854041e-05
2.113489039836648e-05
2.137962089502232e-05
2.162718523727020e-05
2.187761623949552e-05
2.213094709605637e-05
2.238721138568338e-05
2.264644307593062e-05
2.290867652767775e-05
2.317394649968480e-05
2.344228815319923e-05
2.371373705661655e-05
2.398832919019490e-05
2.426610095082414e-05
2.454708915685033e-05
2.483133105295568e-05
2.511886431509582e-05
2.540972705549306e-05
2.570395782768864e-05
2.600159563165272e-05
2.630267991895381e-05
2.660725059798808e-05
2.691534803926914e-05
2.722701308077915e-05
2.754228703338163e-05
2.786121168629772e-05
2.818382931264455e-05
2.851018267503910e-05
2.884031503126606e-05
2.917427014001166e-05
2.951209226666384e-05
2.985382618917957e-05
3.019951720402019e-05
3.054921113215516e-05
3.090295432513592e-05
3.126079367123956e-05
3.162277660168380e-05
3.198895109691397e-05
3.235936569296281e-05
3.273406948788386e-05
3.311311214825908e-05
3.349654391578279e-05
3.388441561392028e-05
3.427677865464505e-05
3.467368504525317e-05
3.507518739525680e-05
3.548133892335753e-05
3.589219346450050e-05
3.630780547701017e-05
3.672823004980842e-05
3.715352290971728e-05
3.758374042884443e-05
3.801893963205612e-05
3.845917820453535e-05
3.890451449942805e-05
3.935500754557772e-05
3.981071705534969e-05
4.027170343254595e-05
4.073802778041130e-05
4.120975190973304e-05
4.168693834703355e-05
4.216965034285822e-05
4.265795188015925e-05
4.315190768277650e-05
4.365158322401665e-05
4.415704473533121e-05
4.466835921509635e-05
4.518559443749226e-05
4.570881896148752e-05
4.623810213992603e-05
4.677351412871981e-05
4.731512589614802e-05
4.786300923226380e-05
4.841723675840998e-05
4.897788193684456e-05
4.954501908047905e-05
5.011872336272724e-05
5.069907082747045e-05
5.128613839913648e-05
5.188000389289609e-05
5.248074602497723e-05
5.308844442309879e-05
5.370317963702532e-05
5.432503314924336e-05
5.495408738576248e-05
5.559042572704037e-05
5.623413251903491e-05
5.688529308438413e-05
5.754399373371566e-05
5.821032177708721e-05
5.888436553555884e-05
5.956621435290110e-05
6.025595860743581e-05
6.095368972401694e-05
6.165950018614822e-05
6.237348354824191e-05
6.309573444801929e-05
6.382634861905482e-05
6.456542290346561e-05
6.531305526474715e-05
6.606934480075963e-05
6.683439175686149e-05
6.760829753919819e-05
6.839116472814293e-05
6.918309709189363e-05
6.998419960022731e-05
7.079457843841373e-05
7.161434102129026e-05
7.244359600749905e-05
7.328245331389045e-05
7.413102413009176e-05
7.498942093324559e-05
7.585775750291836e-05
7.673614893618185e-05
7.762471166286927e-05
7.852356346100709e-05
7.943282347242821e-05
8.035261221856177e-05
8.128305161640995e-05
8.222426499470712e-05
8.317637711026708e-05
8.413951416451947e-05
8.511380382023758e-05
8.609937521846016e-05
8.709635899560797e-05
8.810488730080147e-05
8.912509381337459e-05
9.015711376059571e-05
9.120108393559096e-05
9.225714271547629e-05
9.332543007969905e-05
9.440608762859225e-05
9.549925860214369e-05
9.660508789898140e-05
9.772372209558111e-05
9.885530946569390e-05
9.999999999999999e-05
1.011579454259898e-04
1.023292992280755e-04
1.035142166679344e-04
1.047128548050899e-04
1.059253725177289e-04
1.071519305237607e-04
1.083926914021204e-04
1.096478196143185e-04
1.109174815262401e-04
1.122018454301963e-04
1.135010815672315e-04
1.148153621496883e-04
1.161448613840343e-04
1.174897554939529e-04
1.188502227437019e-04
1.202264434617413e-04
1.216186000646368e-04
1.230268770812381e-04
1.244514611771386e-04
1.258925411794167e-04
1.273503081016662e-04
1.288249551693133e-04
1.303166778452300e-04
1.318256738556407e-04
1.333521432163324e-04
1.348962882591653e-04
1.364583136588925e-04
1.380384264602885e-04
1.396368361055938e-04
1.412537544622754e-04
1.428893958511103e-04
1.445439770745928e-04
1.462177174456718e-04
1.479108388168207e-04
1.496235656094434e-04
1.513561248436209e-04
1.531087461682030e-04
1.548816618912481e-04
1.566751070108148e-04
1.584893192461114e-04
1.603245390690042e-04
1.621810097358930e-04
1.640589773199539e-04
1.659586907437561e-04
1.678804018122560e-04
1.698243652461744e-04
1.717908387157587e-04
1.737800828749376e-04
1.757923613958693e-04
1.778279410038923e-04
1.798870915128788e-04
1.819700858609985e-04
1.840772001468956e-04
1.862087136662868e-04
1.883649089489800e-04
1.905460717963248e-04
1.927524913190936e-04
1.949844599758045e-04
1.972422736114853e-04
1.995262314968881e-04
2.018366363681562e-04
2.041737944669530e-04
2.065380155810529e-04
2.089296130854038e-04
2.113489039836648e-04
2.137962089502232e-04
2.162718523727020e-04
2.187761623949552e-04
2.213094709605639e-04
2.238721138568340e-04
2.264644307593059e-04
2.290867652767772e-04
2.317394649968480e-04
2.344228815319923e-04
2.371373705661655e-04
2.398832919019490e-04
2.426610095082417e-04
2.454708915685031e-04
2.483133105295570e-04
2.511886431509580e-04
2.540972705549306e-04
2.570395782768864e-04
2.600159563165272e-04
2.630267991895381e-04
2.660725059798811e-04
2.691534803926917e-04
2.722701308077913e-04
2.754228703338166e-04
2.786121168629769e-04
2.818382931264454e-04
2.851018267503910e-04
2.884031503126605e-04
2.917427014001166e-04
2.951209226666387e-04
2.985382618917960e-04
3.019951720402016e-04
3.054921113215512e-04
3.090295432513592e-04
3.126079367123955e-04
3.162277660168379e-04
3.198895109691397e-04
3.235936569296284e-04
3.273406948788382e-04
3.311311214825911e-04
3.349654391578276e-04
3.388441561392027e-04
3.427677865464504e-04
3.467368504525317e-04
3.507518739525680e-04
3.548133892335757e-04
3.589219346450054e-04
3.630780547701014e-04
3.672823004980846e-04
3.715352290971724e-04
3.758374042884443e-04
3.801893963205612e-04
3.845917820453535e-04
3.890451449942804e-04
3.935500754557776e-04
3.981071705534973e-04
4.027170343254591e-04
4.073802778041126e-04
4.120975190973304e-04
4.168693834703355e-04
4.216965034285822e-04
4.265795188015925e-04
4.315190768277654e-04
4.365158322401661e-04
4.415704473533125e-04
4.466835921509630e-04
4.518559443749226e-04
4.570881896148752e-04
4.623810213992603e-04
4.677351412871981e-04
4.731512589614808e-04
4.786300923226385e-04
4.841723675840994e-04
4.897788193684461e-04
4.954501908047901e-04
5.011872336272725e-04
5.069907082747044e-04
5.128613839913647e-04
5.188000389289609e-04
5.248074602497728e-04
5.308844442309884e-04
5.370317963702527e-04
5.432503314924331e-04
5.495408738576249e-04
5.559042572704037e-04
5.623413251903490e-04
5.688529308438413e-04
5.754399373371572e-04
5.821032177708716e-04
5.888436553555889e-04
5.956621435290103e-04
6.025595860743581e-04
6.095368972401694e-04
6.165950018614822e-04
6.237348354824192e-04
6.309573444801936e-04
6.382634861905489e-04
6.456542290346556e-04
6.531305526474723e-04
6.606934480075957e-04
6.683439175686148e-04
6.760829753919819e-04
6.839116472814292e-04
6.918309709189363e-04
6.998419960022738e-04
7.079457843841381e-04
7.161434102129020e-04
7.244359600749898e-04
7.328245331389044e-04
7.413102413009177e-04
7.498942093324559e-04
7.585775750291835e-04
7.673614893618193e-04
7.762471166286919e-04
7.852356346100718e-04
7.943282347242813e-04
8.035261221856177e-04
8.128305161640995e-04
8.222426499470711e-04
8.317637711026708e-04
8.413951416451956e-04
8.511380382023767e-04
8.609937521846007e-04
8.709635899560805e-04
8.810488730080137e-04
8.912509381337458e-04
9.015711376059570e-04
9.120108393559096e-04
9.225714271547628e-04
9.332543007969915e-04
9.440608762859236e-04
9.549925860214359e-04
9.660508789898131e-04
9.772372209558111e-04
9.885530946569391e-04
1.000000000000000e-03
1.011579454259898e-03
1.023292992280755e-03
1.035142166679344e-03
1.047128548050899e-03
1.059253725177288e-03
1.071519305237607e-03
1.083926914021204e-03
1.096478196143185e-03
1.109174815262401e-03
1.122018454301964e-03
1.135010815672315e-03
1.148153621496883e-03
1.161448613840343e-03
1.174897554939530e-03
1.188502227437019e-03
1.202264434617413e-03
1.216186000646368e-03
1.230268770812381e-03
1.244514611771386e-03
1.258925411794167e-03
1.273503081016662e-03
1.288249551693133e-03
1.303166778452300e-03
1.318256738556407e-03
1.333521432163324e-03
1.348962882591653e-03
1.364583136588925e-03
1.380384264602885e-03
1.396368361055938e-03
1.412537544622754e-03
1.428893958511104e-03
1.445439770745928e-03
1.462177174456718e-03
1.479108388168207e-03
1.496235656094434e-03
1.513561248436209e-03
1.531087461682030e-03
1.548816618912481e-03
1.566751070108150e-03
1.584893192461114e-03
1.603245390690042e-03
1.621810097358930e-03
1.640589773199539e-03
1.659586907437561e-03
1.678804018122561e-03
1.698243652461744e-03
1.717908387157588e-03
1.737800828749376e-03
1.757923613958693e-03
1.778279410038923e-03
1.798870915128787e-03
1.819700858609984e-03
1.840772001468956e-03
1.862087136662868e-03
1.883649089489800e-03
1.905460717963248e-03
1.927524913190937e-03
1.949844599758046e-03
1.972422736114853e-03
1.995262314968881e-03
2.018366363681562e-03
2.041737944669529e-03
2.065380155810529e-03
2.089296130854041e-03
2.113489039836648e-03
2.137962089502233e-03
2.162718523727020e-03
2.187761623949552e-03
2.213094709605639e-03
2.238721138568340e-03
2.264644307593059e-03
2.290867652767772e-03
2.317394649968480e-03
2.344228815319923e-03
2.371373705661655e-03
2.398832919019490e-03
2.426610095082417e-03
2.454708915685031e-03
2.483133105295570e-03
2.511886431509579e-03
2.540972705549306e-03
2.570395782768865e-03
2.600159563165272e-03
2.630267991895381e-03
2.660725059798811e-03
2.691534803926917e-03
2.722701308077913e-03
2.754228703338166e-03
2.786121168629772e-03
2.818382931264455e-03
2.851018267503910e-03
2.884031503126606e-03
2.917427014001166e-03
2.951209226666387e-03
2.985382618917960e-03
3.019951720402016e-03
3.054921113215512e-03
3.090295432513592e-03
3.126079367123956e-03
3.162277660168379e-03
3.198895109691397e-03
3.235936569296284e-03
3.273406948788383e-03
3.311311214825911e-03
3.349654391578276e-03
3.388441561392027e-03
3.427677865464504e-03
3.467368504525317e-03
3.507518739525679e-03
3.548133892335757e-03
3.589219346450053e-03
3.630780547701014e-03
3.672823004980846e-03
3.715352290971728e-03
3.758374042884443e-03
3.801893963205613e-03
3.845917820453536e-03
3.890451449942805e-03
3.935500754557776e-03
3.981071705534973e-03
4.027170343254591e-03
4.073802778041126e-03
4.120975190973304e-03
4.168693834703354e-03
4.216965034285822e-03
4.265795188015926e-03
4.315190768277654e-03
4.365158322401661e-03
4.415704473533125e-03
4.466835921509630e-03
4.518559443749226e-03
4.570881896148751e-03
4.623810213992603e-03
4.677351412871981e-03
4.731512589614808e-03
4.786300923226385e-03
4.841723675840993e-03
4.897788193684461e-03
4.954501908047905e-03
5.011872336272725e-03
5.069907082747045e-03
5.128613839913648e-03
5.188000389289609e-03
5.248074602497728e-03
5.308844442309884e-03
5.370317963702527e-03
5.432503314924331e-03
5.495408738576248e-03
5.559042572704037e-03
5.623413251903491e-03
5.688529308438413e-03
5.754399373371573e-03
5.821032177708716e-03
5.888436553555890e-03
5.956621435290103e-03
6.025595860743580e-03
6.095368972401693e-03
6.165950018614822e-03
6.237348354824191e-03
6.309573444801936e-03
6.382634861905489e-03
6.456542290346556e-03
6.531305526474723e-03
6.606934480075964e-03
6.683439175686148e-03
6.760829753919818e-03
6.839116472814292e-03
6.918309709189363e-03
6.998419960022738e-03
7.079457843841380e-03
7.161434102129020e-03
7.244359600749898e-03
7.328245331389044e-03
7.413102413009177e-03
7.498942093324559e-03
7.585775750291836e-03
7.673614893618194e-03
7.762471166286920e-03
7.852356346100719e-03
7.943282347242814e-03
8.035261221856178e-03
8.128305161640995e-03
8.222426499470711e-03
8.317637711026707e-03
8.413951416451956e-03
8.511380382023767e-03
8.609937521846007e-03
8.709635899560806e-03
8.810488730080147e-03
8.912509381337459e-03
9.015711376059570e-03
9.120108393559095e-03
9.225714271547638e-03
9.332543007969915e-03
9.440608762859235e-03
9.549925860214359e-03
9.660508789898131e-03
9.772372209558112e-03
9.885530946569391e-03
1.000000000000000e-02
1.011579454259898e-02
1.023292992280754e-02
1.035142166679343e-02
1.047128548050901e-02
1.059253725177290e-02
1.071519305237607e-02
1.083926914021204e-02
1.096478196143185e-02
1.109174815262401e-02
1.122018454301963e-02
1.135010815672314e-02
1.148153621496884e-02
1.161448613840344e-02
1.174897554939530e-02
1.188502227437019e-02
1.202264434617413e-02
1.216186000646368e-02
1.230268770812381e-02
1.244514611771384e-02
1.258925411794166e-02
1.273503081016663e-02
1.288249551693135e-02
1.303166778452300e-02
1.318256738556407e-02
1.333521432163324e-02
1.348962882591653e-02
1.364583136588924e-02
1.380384264602884e-02
1.396368361055939e-02
1.412537544622755e-02
1.428893958511104e-02
1.445439770745928e-02
1.462177174456718e-02
1.479108388168207e-02
1.496235656094433e-02
1.513561248436207e-02
1.531087461682032e-02
1.548816618912483e-02
1.566751070108150e-02
1.584893192461114e-02
1.603245390690042e-02
1.621810097358930e-02
1.640589773199539e-02
1.659586907437560e-02
1.678804018122559e-02
1.698243652461746e-02
1.717908387157590e-02
1.737800828749376e-02
1.757923613958693e-02
1.778279410038923e-02
1.798870915128787e-02
1.819700858609983e-02
1.840772001468954e-02
1.862087136662869e-02
1.883649089489802e-02
1.905460717963248e-02
1.927524913190937e-02
1.949844599758046e-02
1.972422736114853e-02
1.995262314968879e-02
2.018366363681559e-02
2.041737944669532e-02
2.065380155810531e-02
2.089296130854041e-02
2.113489039836648e-02
2.137962089502232e-02
2.162718523727020e-02
2.187761623949552e-02
2.213094709605637e-02
2.238721138568342e-02
2.264644307593062e-02
2.290867652767775e-02
2.317394649968480e-02
2.344228815319923e-02
2.371373705661655e-02
2.398832919019490e-02
2.426610095082414e-02
2.454708915685028e-02
2.483133105295573e-02
2.511886431509582e-02
2.540972705549307e-02
2.570395782768865e-02
2.600159563165272e-02
2.630267991895381e-02
2.660725059798809e-02
2.691534803926914e-02
2.722701308077915e-02
2.754228703338169e-02
2.786121168629772e-02
2.818382931264455e-02
2.851018267503910e-02
2.884031503126606e-02
2.917427014001166e-02
2.951209226666384e-02
2.985382618917963e-02
3.019951720402019e-02
3.054921113215515e-02
3.090295432513592e-02
3.126079367123956e-02
3.162277660168379e-02
3.198895109691397e-02
3.235936569296281e-02
3.273406948788379e-02
3.311311214825914e-02
3.349654391578279e-02
3.388441561392027e-02
3.427677865464505e-02
3.467368504525317e-02
3.507518739525679e-02
3.548133892335753e-02
3.589219346450050e-02
3.630780547701017e-02
3.672823004980850e-02
3.715352290971728e-02
3.758374042884443e-02
3.801893963205612e-02
3.845917820453535e-02
3.890451449942805e-02
3.935500754557772e-02
3.981071705534978e-02
4.027170343254595e-02
4.073802778041130e-02
4.120975190973304e-02
4.168693834703355e-02
4.216965034285822e-02
4.265795188015925e-02
4.315190768277650e-02
4.365158322401656e-02
4.415704473533130e-02
4.466835921509635e-02
4.518559443749227e-02
4.570881896148752e-02
4.623810213992603e-02
4.677351412871981e-02
4.731512589614803e-02
4.786300923226380e-02
4.841723675840999e-02
4.897788193684466e-02
4.954501908047905e-02
5.011872336272725e-02
5.069907082747045e-02
5.128613839913648e-02
5.188000389289609e-02
5.248074602497723e-02
5.308844442309889e-02
5.370317963702533e-02
5.432503314924336e-02
5.495408738576248e-02
5.559042572704037e-02
5.623413251903490e-02
5.688529308438413e-02
5.754399373371567e-02
5.821032177708710e-02
5.888436553555896e-02
5.956621435290110e-02
6.025595860743582e-02
6.095368972401694e-02
6.165950018614823e-02
6.237348354824192e-02
6.309573444801930e-02
6.382634861905483e-02
6.456542290346562e-02
6.531305526474729e-02
6.606934480075964e-02
6.683439175686148e-02
6.760829753919818e-02
6.839116472814293e-02
6.918309709189363e-02
6.998419960022731e-02
7.079457843841389e-02
7.161434102129027e-02
7.244359600749906e-02
7.328245331389044e-02
7.413102413009176e-02
7.498942093324558e-02
7.585775750291836e-02
7.673614893618186e-02
7.762471166286912e-02
7.852356346100726e-02
7.943282347242821e-02
8.035261221856177e-02
8.128305161640995e-02
8.222426499470711e-02
8.317637711026708e-02
8.413951416451947e-02
8.511380382023759e-02
8.609937521846016e-02
8.709635899560814e-02
8.810488730080146e-02
8.912509381337459e-02
9.015711376059571e-02
9.120108393559097e-02
9.225714271547629e-02
9.332543007969905e-02
9.440608762859246e-02
9.549925860214369e-02
9.660508789898140e-02
9.772372209558111e-02
9.885530946569390e-02
9.999999999999999e-02
1.011579454259898e-01
1.023292992280754e-01
1.035142166679343e-01
1.047128548050901e-01
1.059253725177290e-01
1.071519305237607e-01
1.083926914021204e-01
1.096478196143185e-01
1.109174815262401e-01
1.122018454301963e-01
1.135010815672314e-01
1.148153621496884e-01
1.161448613840344e-01
1.174897554939530e-01
1.188502227437019e-01
1.202264434617413e-01
1.216186000646368e-01
1.230268770812381e-01
1.244514611771384e-01
1.258925411794169e-01
1.273503081016663e-01
1.288249551693135e-01
1.303166778452300e-01
1.318256738556407e-01
1.333521432163324e-01
1.348962882591653e-01
1.364583136588924e-01
1.380384264602884e-01
1.396368361055939e-01
1.412537544622756e-01
1.428893958511104e-01
1.445439770745928e-01
1.462177174456718e-01
1.479108388168207e-01
1.496235656094433e-01
1.513561248436207e-01
1.531087461682032e-01
1.548816618912483e-01
1.566751070108150e-01
1.584893192461114e-01
1.603245390690042e-01
1.621810097358930e-01
1.640589773199539e-01
1.659586907437560e-01
1.678804018122562e-01
1.698243652461746e-01
1.717908387157589e-01
1.737800828749376e-01
1.757923613958693e-01
1.778279410038923e-01
1.798870915128787e-01
1.819700858609983e-01
1.840772001468955e-01
1.862087136662869e-01
1.883649089489802e-01
1.905460717963248e-01
1.927524913190937e-01
1.949844599758045e-01
1.972422736114853e-01
1.995262314968879e-01
2.018366363681560e-01
2.041737944669532e-01
2.065380155810531e-01
2.089296130854041e-01
2.113489039836648e-01
2.137962089502232e-01
2.162718523727020e-01
2.187761623949552e-01
2.213094709605636e-01
2.238721138568342e-01
2.264644307593062e-01
2.290867652767775e-01
2.317394649968480e-01
2.344228815319923e-01
2.371373705661655e-01
2.398832919019490e-01
2.426610095082414e-01
2.454708915685029e-01
2.483133105295573e-01
2.511886431509582e-01
2.540972705549306e-01
2.570395782768864e-01
2.600159563165272e-01
2.630267991895381e-01
2.660725059798808e-01
2.691534803926914e-01
2.722701308077916e-01
2.754228703338169e-01
2.786121168629772e-01
2.818382931264455e-01
2.851018267503910e-01
2.884031503126606e-01
2.917427014001165e-01
2.951209226666384e-01
2.985382618917963e-01
3.019951720402019e-01
3.054921113215515e-01
3.090295432513592e-01
3.126079367123956e-01
3.162277660168379e-01
3.198895109691397e-01
3.235936569296281e-01
3.273406948788379e-01
3.311311214825914e-01
3.349654391578279e-01
3.388441561392027e-01
3.427677865464505e-01
3.467368504525317e-01
3.507518739525679e-01
3.548133892335754e-01
3.589219346450050e-01
3.630780547701018e-01
3.672823004980850e-01
3.715352290971728e-01
3.758374042884443e-01
3.801893963205613e-01
3.845917820453535e-01
3.890451449942804e-01
3.935500754557772e-01
3.981071705534977e-01
4.027170343254595e-01
4.073802778041130e-01
4.120975190973304e-01
4.168693834703355e-01
4.216965034285822e-01
4.265795188015925e-01
4.315190768277650e-01
4.365158322401656e-01
4.415704473533130e-01
4.466835921509635e-01
4.518559443749226e-01
4.570881896148752e-01
4.623810213992604e-01
4.677351412871981e-01
4.731512589614802e-01
4.786300923226380e-01
4.841723675840999e-01
4.897788193684466e-01
4.954501908047906e-01
5.011872336272725e-01
5.069907082747044e-01
5.128613839913648e-01
5.188000389289610e-01
5.248074602497722e-01
5.308844442309889e-01
5.370317963702532e-01
5.432503314924335e-01
5.495408738576248e-01
5.559042572704037e-01
5.623413251903491e-01
5.688529308438414e-01
5.754399373371566e-01
5.821032177708709e-01
5.888436553555896e-01
5.956621435290109e-01
6.025595860743581e-01
6.095368972401694e-01
6.165950018614822e-01
6.237348354824191e-01
6.309573444801929e-01
6.382634861905483e-01
6.456542290346562e-01
6.531305526474729e-01
6.606934480075964e-01
6.683439175686149e-01
6.760829753919819e-01
6.839116472814293e-01
6.918309709189362e-01
6.998419960022730e-01
7.079457843841388e-01
7.161434102129027e-01
7.244359600749907e-01
7.328245331389045e-01
7.413102413009177e-01
7.498942093324559e-01
7.585775750291835e-01
7.673614893618186e-01
7.762471166286912e-01
7.852356346100726e-01
7.943282347242822e-01
8.035261221856177e-01
8.128305161640995e-01
8.222426499470712e-01
8.317637711026709e-01
8.413951416451947e-01
8.511380382023759e-01
8.609937521846016e-01
8.709635899560814e-01
8.810488730080146e-01
8.912509381337459e-01
9.015711376059570e-01
9.120108393559097e-01
9.225714271547628e-01
9.332543007969905e-01
9.440608762859245e-01
9.549925860214369e-01
9.660508789898141e-01
9.772372209558112e-01
9.885530946569391e-01
1.000000000000000e+00
1.011579454259898e+00
1.023292992280754e+00
1.035142166679345e+00
1.047128548050900e+00
1.059253725177290e+00
1.071519305237607e+00
1.083926914021204e+00
1.096478196143185e+00
1.109174815262401e+00
1.122018454301963e+00
1.135010815672314e+00
1.148153621496884e+00
1.161448613840344e+00
1.174897554939530e+00
1.188502227437019e+00
1.202264434617413e+00
1.216186000646368e+00
1.230268770812381e+00
1.244514611771384e+00
1.258925411794169e+00
1.273503081016663e+00
1.288249551693135e+00
1.303166778452300e+00
1.318256738556407e+00
1.333521432163324e+00
1.348962882591653e+00
1.364583136588924e+00
1.380384264602887e+00
1.396368361055939e+00
1.412537544622755e+00
1.428893958511104e+00
1.445439770745928e+00
1.462177174456718e+00
1.479108388168207e+00
1.496235656094433e+00
1.513561248436207e+00
1.531087461682032e+00
1.548816618912483e+00
1.566751070108150e+00
1.584893192461114e+00
1.603245390690042e+00
1.621810097358930e+00
1.640589773199539e+00
1.659586907437560e+00
1.678804018122562e+00
1.698243652461746e+00
1.717908387157589e+00
1.737800828749376e+00
1.757923613958693e+00
1.778279410038923e+00
1.798870915128787e+00
1.819700858609983e+00
1.840772001468958e+00
1.862087136662869e+00
1.883649089489802e+00
1.905460717963248e+00
1.927524913190937e+00
1.949844599758046e+00
1.972422736114854e+00
1.995262314968879e+00
2.018366363681560e+00
2.041737944669532e+00
2.065380155810531e+00
2.089296130854041e+00
2.113489039836647e+00
2.137962089502232e+00
2.162718523727020e+00
2.187761623949552e+00
2.213094709605636e+00
2.238721138568343e+00
2.264644307593062e+00
2.290867652767774e+00
2.317394649968480e+00
2.344228815319922e+00
2.371373705661655e+00
2.398832919019490e+00
2.426610095082414e+00
2.454708915685033e+00
2.483133105295573e+00
2.511886431509582e+00
2.540972705549307e+00
2.570395782768864e+00
2.600159563165272e+00
2.630267991895381e+00
2.660725059798808e+00
2.691534803926914e+00
2.722701308077915e+00
2.754228703338169e+00
2.786121168629772e+00
2.818382931264455e+00
2.851018267503910e+00
2.884031503126606e+00
2.917427014001166e+00
2.951209226666384e+00
2.985382618917964e+00
3.019951720402019e+00
3.054921113215515e+00
3.090295432513592e+00
3.126079367123956e+00
3.162277660168379e+00
3.198895109691397e+00
3.235936569296281e+00
3.273406948788386e+00
3.311311214825914e+00
3.349654391578279e+00
3.388441561392027e+00
3.427677865464505e+00
3.467368504525317e+00
3.507518739525679e+00
3.548133892335753e+00
3.589219346450050e+00
3.630780547701018e+00
3.672823004980850e+00
3.715352290971728e+00
3.758374042884443e+00
3.801893963205612e+00
3.845917820453535e+00
3.890451449942805e+00
3.935500754557772e+00
3.981071705534978e+00
4.027170343254594e+00
4.073802778041130e+00
4.120975190973304e+00
4.168693834703355e+00
4.216965034285822e+00
4.265795188015925e+00
4.315190768277650e+00
4.365158322401665e+00
4.415704473533130e+00
4.466835921509634e+00
4.518559443749226e+00
4.570881896148752e+00
4.623810213992603e+00
4.677351412871981e+00
4.731512589614803e+00
4.786300923226380e+00
4.841723675840999e+00
4.897788193684466e+00
4.954501908047905e+00
5.011872336272725e+00
5.069907082747044e+00
5.128613839913648e+00
5.188000389289609e+00
5.248074602497723e+00
5.308844442309890e+00
5.370317963702532e+00
5.432503314924336e+00
5.495408738576248e+00
5.559042572704037e+00
5.623413251903490e+00
5.688529308438413e+00
5.754399373371567e+00
5.821032177708722e+00
5.888436553555897e+00
5.956621435290110e+00
6.025595860743581e+00
6.095368972401694e+00
6.165950018614822e+00
6.237348354824191e+00
6.309573444801930e+00
6.382634861905482e+00
6.456542290346563e+00
6.531305526474729e+00
6.606934480075965e+00
6.683439175686148e+00
6.760829753919818e+00
6.839116472814292e+00
6.918309709189362e+00
6.998419960022731e+00
7.079457843841388e+00
7.161434102129027e+00
7.244359600749906e+00
7.328245331389044e+00
7.413102413009176e+00
7.498942093324558e+00
7.585775750291836e+00
7.673614893618186e+00
7.762471166286928e+00
7.852356346100726e+00
7.943282347242822e+00
8.035261221856176e+00
8.128305161640995e+00
8.222426499470712e+00
8.317637711026709e+00
8.413951416451948e+00
8.511380382023757e+00
8.609937521846016e+00
8.709635899560814e+00
8.810488730080147e+00
8.912509381337459e+00
9.015711376059571e+00
9.120108393559097e+00
9.225714271547627e+00
9.332543007969905e+00
9.440608762859245e+00
9.549925860214369e+00
9.660508789898140e+00
9.772372209558112e+00
9.885530946569391e+00
1.000000000000000e+01
1.011579454259898e+01
1.023292992280754e+01
1.035142166679345e+01
1.047128548050901e+01
1.059253725177290e+01
1.071519305237607e+01
1.083926914021204e+01
1.096478196143185e+01
1.109174815262401e+01
1.122018454301963e+01
1.135010815672314e+01
1.148153621496884e+01
1.161448613840344e+01
1.174897554939530e+01
1.188502227437019e+01
1.202264434617413e+01
1.216186000646368e+01
1.230268770812381e+01
1.244514611771384e+01
1.258925411794169e+01
1.273503081016663e+01
1.288249551693135e+01
1.303166778452300e+01
1.318256738556407e+01
1.333521432163324e+01
1.348962882591653e+01
1.364583136588924e+01
1.380384264602887e+01
1.396368361055939e+01
1.412537544622755e+01
1.428893958511104e+01
1.445439770745928e+01
1.462177174456718e+01
1.479108388168207e+01
1.496235656094433e+01
1.513561248436207e+01
1.531087461682032e+01
1.548816618912483e+01
1.566751070108150e+01
1.584893192461114e+01
1.603245390690042e+01
1.621810097358930e+01
1.640589773199539e+01
1.659586907437560e+01
1.678804018122562e+01
1.698243652461746e+01
1.717908387157589e+01
1.737800828749376e+01
1.757923613958693e+01
1.778279410038923e+01
1.798870915128787e+01
1.819700858609983e+01
1.840772001468958e+01
1.862087136662869e+01
1.883649089489802e+01
1.905460717963248e+01
1.927524913190937e+01
1.949844599758045e+01
1.972422736114853e+01
1.995262314968879e+01
2.018366363681560e+01
2.041737944669532e+01
2.065380155810531e+01
2.089296130854041e+01
2.113489039836648e+01
2.137962089502232e+01
2.162718523727020e+01
2.187761623949552e+01
2.213094709605636e+01
2.238721138568342e+01
2.264644307593062e+01
2.290867652767775e+01
2.317394649968480e+01
2.344228815319923e+01
2.371373705661655e+01
2.398832919019490e+01
2.426610095082414e+01
2.454708915685034e+01
2.483133105295573e+01
2.511886431509582e+01
2.540972705549306e+01
2.570395782768864e+01
2.600159563165272e+01
2.630267991895381e+01
2.660725059798808e+01
2.691534803926914e+01
2.722701308077916e+01
2.754228703338169e+01
2.786121168629772e+01
2.818382931264455e+01
2.851018267503910e+01
2.884031503126606e+01
2.917427014001166e+01
2.951209226666384e+01
2.985382618917963e+01
3.019951720402019e+01
3.054921113215515e+01
3.090295432513592e+01
3.126079367123956e+01
3.162277660168380e+01
3.198895109691397e+01
3.235936569296281e+01
3.273406948788386e+01
3.311311214825914e+01
3.349654391578279e+01
3.388441561392027e+01
3.427677865464504e+01
3.467368504525317e+01
3.507518739525680e+01
3.548133892335753e+01
3.589219346450050e+01
3.630780547701018e+01
3.672823004980850e+01
3.715352290971727e+01
3.758374042884443e+01
3.801893963205612e+01
3.845917820453536e+01
3.890451449942805e+01
3.935500754557772e+01
3.981071705534977e+01
4.027170343254595e+01
4.073802778041130e+01
4.120975190973304e+01
4.168693834703355e+01
4.216965034285823e+01
4.265795188015925e+01
4.315190768277650e+01
4.365158322401665e+01
4.415704473533130e+01
4.466835921509634e+01
4.518559443749226e+01
4.570881896148752e+01
4.623810213992603e+01
4.677351412871982e+01
4.731512589614803e+01
4.786300923226381e+01
4.841723675840999e+01
4.897788193684466e+01
4.954501908047905e+01
5.011872336272724e+01
5.069907082747044e+01
5.128613839913648e+01
5.188000389289609e+01
5.248074602497723e+01
5.308844442309890e+01
5.370317963702532e+01
5.432503314924336e+01
5.495408738576248e+01
5.559042572704037e+01
5.623413251903491e+01
5.688529308438413e+01
5.754399373371567e+01
5.821032177708722e+01
5.888436553555896e+01
5.956621435290109e+01
6.025595860743581e+01
6.095368972401693e+01
6.165950018614822e+01
6.237348354824191e+01
6.309573444801930e+01
6.382634861905496e+01
6.456542290346563e+01
6.531305526474729e+01
6.606934480075964e+01
6.683439175686148e+01
6.760829753919818e+01
6.839116472814293e+01
6.918309709189361e+01
6.998419960022731e+01
7.079457843841388e+01
7.161434102129027e+01
7.244359600749907e+01
7.328245331389044e+01
7.413102413009176e+01
7.498942093324558e+01
7.585775750291835e+01
7.673614893618185e+01
7.762471166286927e+01
7.852356346100726e+01
7.943282347242821e+01
8.035261221856177e+01
8.128305161640995e+01
8.222426499470711e+01
8.317637711026708e+01
8.413951416451947e+01
8.511380382023776e+01
8.609937521846017e+01
8.709635899560814e+01
8.810488730080147e+01
8.912509381337459e+01
9.015711376059569e+01
9.120108393559097e+01
9.225714271547629e+01
9.332543007969906e+01
9.440608762859246e+01
9.549925860214370e+01
9.660508789898141e+01
9.772372209558112e+01
9.885530946569391e+01
1.000000000000000e+02
1.011579454259900e+02
1.023292992280754e+02
1.035142166679345e+02
1.047128548050898e+02
1.059253725177290e+02
1.071519305237605e+02
1.083926914021204e+02
1.096478196143187e+02
1.109174815262401e+02
1.122018454301965e+02
1.135010815672314e+02
1.148153621496884e+02
1.161448613840341e+02
1.174897554939530e+02
1.188502227437017e+02
1.202264434617413e+02
1.216186000646370e+02
1.230268770812381e+02
1.244514611771387e+02
1.258925411794166e+02
1.273503081016663e+02
1.288249551693132e+02
1.303166778452300e+02
1.318256738556410e+02
1.333521432163324e+02
1.348962882591656e+02
1.364583136588924e+02
1.380384264602887e+02
1.396368361055936e+02
1.412537544622755e+02
1.428893958511101e+02
1.445439770745928e+02
1.462177174456721e+02
1.479108388168207e+02
1.496235656094436e+02
1.513561248436207e+02
1.531087461682032e+02
1.548816618912479e+02
1.566751070108150e+02
1.584893192461111e+02
1.603245390690042e+02
1.621810097358933e+02
1.640589773199539e+02
1.659586907437563e+02
1.678804018122559e+02
1.698243652461746e+02
1.717908387157586e+02
1.737800828749376e+02
1.757923613958696e+02
1.778279410038923e+02
1.798870915128791e+02
1.819700858609983e+02
1.840772001468958e+02
1.862087136662866e+02
1.883649089489802e+02
1.905460717963244e+02
1.927524913190937e+02
1.949844599758050e+02
1.972422736114854e+02
1.995262314968883e+02
2.018366363681560e+02
2.041737944669532e+02
2.065380155810527e+02
2.089296130854041e+02
2.113489039836643e+02
2.137962089502232e+02
2.162718523727024e+02
2.187761623949552e+02
2.213094709605641e+02
2.238721138568338e+02
2.264644307593062e+02
2.290867652767770e+02
2.317394649968480e+02
2.344228815319927e+02
2.371373705661655e+02
2.398832919019495e+02
2.426610095082414e+02
2.454708915685034e+02
2.483133105295568e+02
2.511886431509582e+02
2.540972705549301e+02
2.570395782768865e+02
2.600159563165278e+02
2.630267991895382e+02
2.660725059798814e+02
2.691534803926914e+02
2.722701308077915e+02
2.754228703338163e+02
2.786121168629772e+02
2.818382931264449e+02
2.851018267503910e+02
2.884031503126612e+02
2.917427014001166e+02
2.951209226666390e+02
2.985382618917957e+02
3.019951720402019e+02
3.054921113215509e+02
3.090295432513592e+02
3.126079367123962e+02
3.162277660168379e+02
3.198895109691404e+02
3.235936569296281e+02
3.273406948788386e+02
3.311311214825907e+02
3.349654391578279e+02
3.388441561392020e+02
3.427677865464505e+02
3.467368504525323e+02
3.507518739525679e+02
3.548133892335760e+02
3.589219346450050e+02
3.630780547701018e+02
3.672823004980843e+02
3.715352290971728e+02
3.758374042884451e+02
3.801893963205613e+02
3.845917820453543e+02
3.890451449942805e+02
3.935500754557780e+02
3.981071705534969e+02
4.027170343254595e+02
4.073802778041122e+02
4.120975190973304e+02
4.168693834703363e+02
4.216965034285822e+02
4.265795188015934e+02
4.315190768277650e+02
4.365158322401665e+02
4.415704473533120e+02
4.466835921509635e+02
4.518559443749217e+02
4.570881896148751e+02
4.623810213992613e+02
4.677351412871981e+02
4.731512589614812e+02
4.786300923226380e+02
4.841723675840999e+02
4.897788193684456e+02
4.954501908047906e+02
5.011872336272735e+02
5.069907082747044e+02
5.128613839913659e+02
5.188000389289609e+02
5.248074602497734e+02
5.308844442309879e+02
5.370317963702532e+02
5.432503314924325e+02
5.495408738576248e+02
5.559042572704049e+02
5.623413251903490e+02
5.688529308438425e+02
5.754399373371566e+02
5.821032177708722e+02
5.888436553555883e+02
5.956621435290109e+02
6.025595860743568e+02
6.095368972401693e+02
6.165950018614834e+02
6.237348354824192e+02
6.309573444801943e+02
6.382634861905483e+02
6.456542290346562e+02
6.531305526474716e+02
6.606934480075964e+02
6.683439175686162e+02
6.760829753919819e+02
6.839116472814306e+02
6.918309709189363e+02
6.998419960022745e+02
7.079457843841373e+02
7.161434102129027e+02
7.244359600749891e+02
7.328245331389045e+02
7.413102413009193e+02
7.498942093324558e+02
7.585775750291851e+02
7.673614893618186e+02
7.762471166286928e+02
7.852356346100710e+02
7.943282347242821e+02
8.035261221856160e+02
8.128305161640994e+02
8.222426499470729e+02
8.317637711026708e+02
8.413951416451964e+02
8.511380382023759e+02
8.609937521846016e+02
8.709635899560795e+02
8.810488730080147e+02
8.912509381337477e+02
9.015711376059570e+02
9.120108393559115e+02
9.225714271547629e+02
9.332543007969924e+02
9.440608762859226e+02
9.549925860214369e+02
9.660508789898121e+02
9.772372209558112e+02
9.885530946569412e+02
1.000000000000000e+03
1.000000000000000e+00
1.011579454259899e+00
1.023292992280754e+00
1.035142166679344e+00
1.047128548050899e+00
1.059253725177289e+00
1.071519305237606e+00
1.083926914021203e+00
1.096478196143185e+00
1.109174815262401e+00
1.122018454301964e+00
1.135010815672315e+00
1.148153621496883e+00
1.161448613840343e+00
1.174897554939530e+00
1.188502227437018e+00
1.202264434617413e+00
1.216186000646368e+00
1.230268770812381e+00
1.244514611771385e+00
1.258925411794167e+00
1.273503081016662e+00
1.288249551693134e+00
1.303166778452299e+00
1.318256738556407e+00
1.333521432163324e+00
1.348962882591654e+00
1.364583136588924e+00
1.380384264602885e+00
1.396368361055937e+00
1.412537544622754e+00
1.428893958511103e+00
1.445439770745928e+00
1.462177174456718e+00
1.479108388168207e+00
1.496235656094433e+00
1.513561248436208e+00
1.531087461682030e+00
1.548816618912481e+00
1.566751070108149e+00
1.584893192461113e+00
1.603245390690041e+00
1.621810097358930e+00
1.640589773199539e+00
1.659586907437561e+00
1.678804018122560e+00
1.698243652461744e+00
1.717908387157588e+00
1.737800828749375e+00
1.757923613958692e+00
1.778279410038923e+00
1.798870915128788e+00
1.819700858609983e+00
1.840772001468956e+00
1.862087136662868e+00
1.883649089489801e+00
1.905460717963247e+00
1.927524913190936e+00
1.949844599758045e+00
1.972422736114854e+00
1.995262314968880e+00
2.018366363681561e+00
2.041737944669529e+00
2.065380155810529e+00
2.089296130854039e+00
2.113489039836647e+00
2.137962089502232e+00
2.162718523727020e+00
2.187761623949553e+00
2.213094709605638e+00
2.238721138568340e+00
2.264644307593060e+00
2.290867652767773e+00
2.317394649968478e+00
2.344228815319922e+00
2.371373705661655e+00
2.398832919019490e+00
2.426610095082415e+00
2.454708915685030e+00
2.483133105295570e+00
2.511886431509580e+00
2.540972705549305e+00
2.570395782768864e+00
2.600159563165272e+00
2.630267991895382e+00
2.660725059798810e+00
2.691534803926916e+00
2.722701308077912e+00
2.754228703338166e+00
2.786121168629770e+00
2.818382931264454e+00
2.851018267503910e+00
2.884031503126606e+00
2.917427014001167e+00
2.951209226666386e+00
2.985382618917960e+00
3.019951720402016e+00
3.054921113215513e+00
3.090295432513590e+00
3.126079367123955e+00
3.162277660168379e+00
3.198895109691398e+00
3.235936569296283e+00
3.273406948788382e+00
3.311311214825911e+00
3.349654391578277e+00
3.388441561392026e+00
3.427677865464504e+00
3.467368504525317e+00
3.507518739525680e+00
3.548133892335755e+00
3.589219346450053e+00
3.630780547701014e+00
3.672823004980847e+00
3.715352290971726e+00
3.758374042884442e+00
3.801893963205611e+00
3.845917820453535e+00
3.890451449942806e+00
3.935500754557775e+00
3.981071705534973e+00
4.027170343254591e+00
4.073802778041127e+00
4.120975190973302e+00
4.168693834703354e+00
4.216965034285822e+00
4.265795188015926e+00
4.315190768277652e+00
4.365158322401660e+00
4.415704473533125e+00
4.466835921509632e+00
4.518559443749224e+00
4.570881896148750e+00
4.623810213992603e+00
4.677351412871982e+00
4.731512589614804e+00
4.786300923226384e+00
4.841723675840994e+00
4.897788193684462e+00
4.954501908047903e+00
5.011872336272724e+00
5.069907082747043e+00
5.128613839913648e+00
5.188000389289611e+00
5.248074602497725e+00
5.308844442309884e+00
5.370317963702527e+00
5.432503314924332e+00
5.495408738576245e+00
5.559042572704035e+00
5.623413251903490e+00
5.688529308438415e+00
5.754399373371569e+00
5.821032177708715e+00
5.888436553555890e+00
5.956621435290105e+00
6.025595860743578e+00
6.095368972401692e+00
6.165950018614822e+00
6.237348354824193e+00
6.309573444801932e+00
6.382634861905487e+00
6.456542290346555e+00
6.531305526474724e+00
6.606934480075961e+00
6.683439175686147e+00
6.760829753919818e+00
6.839116472814292e+00
6.918309709189364e+00
6.998419960022734e+00
7.079457843841379e+00
7.161434102129020e+00
7.244359600749900e+00
7.328245331389041e+00
7.413102413009175e+00
7.498942093324558e+00
7.585775750291837e+00
7.673614893618190e+00
7.762471166286918e+00
7.852356346100718e+00
7.943282347242816e+00
8.035261221856173e+00
8.128305161640993e+00
8.222426499470712e+00
8.317637711026711e+00
8.413951416451951e+00
8.511380382023765e+00
8.609937521846007e+00
8.709635899560807e+00
8.810488730080142e+00
8.912509381337458e+00
9.015711376059571e+00
9.120108393559097e+00
9.225714271547631e+00
9.332543007969909e+00
9.440608762859233e+00
9.549925860214358e+00
9.660508789898133e+00
9.772372209558107e+00
9.885530946569387e+00
1.000000000000000e+01
1.011579454259899e+01
1.023292992280754e+01
1.035142166679344e+01
1.047128548050900e+01
1.059253725177289e+01
1.071519305237606e+01
1.083926914021203e+01
1.096478196143185e+01
1.109174815262401e+01
1.122018454301963e+01
1.135010815672315e+01
1.148153621496883e+01
1.161448613840343e+01
1.174897554939530e+01
1.188502227437018e+01
1.202264434617413e+01
1.216186000646368e+01
1.230268770812382e+01
1.244514611771385e+01
1.258925411794167e+01
1.273503081016661e+01
1.288249551693134e+01
1.303166778452299e+01
1.318256738556407e+01
1.333521432163324e+01
1.348962882591654e+01
1.364583136588925e+01
1.380384264602885e+01
1.396368361055938e+01
1.412537544622755e+01
1.428893958511103e+01
1.445439770745927e+01
1.462177174456718e+01
1.479108388168207e+01
1.496235656094434e+01
1.513561248436208e+01
1.531087461682030e+01
1.548816618912481e+01
1.566751070108149e+01
1.584893192461113e+01
1.603245390690042e+01
1.621810097358930e+01
1.640589773199540e+01
1.659586907437561e+01
1.678804018122560e+01
1.698243652461744e+01
1.717908387157588e+01
1.737800828749375e+01
1.757923613958693e+01
1.778279410038923e+01
1.798870915128788e+01
1.819700858609983e+01
1.840772001468956e+01
1.862087136662867e+01
1.883649089489801e+01
1.905460717963247e+01
1.927524913190936e+01
1.949844599758045e+01
1.972422736114853e+01
1.995262314968880e+01
2.018366363681561e+01
2.041737944669530e+01
2.065380155810529e+01
2.089296130854040e+01
2.113489039836647e+01
2.137962089502232e+01
2.162718523727020e+01
2.187761623949553e+01
2.213094709605637e+01
2.238721138568340e+01
2.264644307593060e+01
2.290867652767774e+01
2.317394649968479e+01
2.344228815319923e+01
2.371373705661655e+01
2.398832919019491e+01
2.426610095082416e+01
2.454708915685031e+01
2.483133105295570e+01
2.511886431509581e+01
2.540972705549305e+01
2.570395782768863e+01
2.600159563165272e+01
2.630267991895381e+01
2.660725059798810e+01
2.691534803926915e+01
2.722701308077913e+01
2.754228703338166e+01
2.786121168629771e+01
2.818382931264453e+01
2.851018267503910e+01
2.884031503126606e+01
2.917427014001167e+01
2.951209226666386e+01
2.985382618917960e+01
3.019951720402016e+01
3.054921113215514e+01
3.090295432513591e+01
3.126079367123956e+01
3.162277660168380e+01
3.198895109691399e+01
3.235936569296283e+01
3.273406948788383e+01
3.311311214825911e+01
3.349654391578277e+01
3.388441561392025e+01
3.427677865464504e+01
3.467368504525317e+01
3.507518739525680e+01
3.548133892335755e+01
3.589219346450052e+01
3.630780547701014e+01
3.672823004980846e+01
3.715352290971725e+01
3.758374042884441e+01
3.801893963205612e+01
3.845917820453536e+01
3.890451449942807e+01
3.935500754557774e+01
3.981071705534973e+01
4.027170343254591e+01
4.073802778041128e+01
4.120975190973301e+01
4.168693834703355e+01
4.216965034285823e+01
4.265795188015927e+01
4.315190768277652e+01
4.365158322401660e+01
4.415704473533125e+01
4.466835921509632e+01
4.518559443749223e+01
4.570881896148752e+01
4.623810213992603e+01
4.677351412871982e+01
4.731512589614805e+01
4.786300923226383e+01
4.841723675840994e+01
4.897788193684461e+01
4.954501908047903e+01
5.011872336272722e+01
5.069907082747044e+01
5.128613839913648e+01
5.188000389289612e+01
5.248074602497726e+01
5.308844442309884e+01
5.370317963702527e+01
5.432503314924333e+01
5.495408738576245e+01
5.559042572704037e+01
5.623413251903491e+01
5.688529308438416e+01
5.754399373371569e+01
5.821032177708715e+01
5.888436553555890e+01
5.956621435290106e+01
6.025595860743578e+01
6.095368972401693e+01
6.165950018614822e+01
6.237348354824191e+01
6.309573444801934e+01
6.382634861905486e+01
6.456542290346556e+01
6.531305526474722e+01
6.606934480075961e+01
6.683439175686145e+01
6.760829753919818e+01
6.839116472814293e+01
6.918309709189366e+01
6.998419960022734e+01
7.079457843841381e+01
7.161434102129020e+01
7.244359600749902e+01
7.328245331389040e+01
7.413102413009176e+01
7.498942093324558e+01
7.585775750291839e+01
7.673614893618189e+01
7.762471166286919e+01
7.852356346100719e+01
7.943282347242817e+01
8.035261221856173e+01
8.128305161640995e+01
8.222426499470711e+01
8.317637711026708e+01
8.413951416451951e+01
8.511380382023764e+01
8.609937521846007e+01
8.709635899560804e+01
8.810488730080141e+01
8.912509381337453e+01
9.015711376059569e+01
9.120108393559097e+01
9.225714271547633e+01
9.332543007969910e+01
9.440608762859236e+01
9.549925860214360e+01
9.660508789898137e+01
9.772372209558107e+01
9.885530946569391e+01
1.000000000000000e+02
1.011579454259898e+02
1.023292992280755e+02
1.035142166679344e+02
1.047128548050900e+02
1.059253725177289e+02
1.071519305237607e+02
1.083926914021204e+02
1.096478196143185e+02
1.109174815262401e+02
1.122018454301963e+02
1.135010815672316e+02
1.148153621496883e+02
1.161448613840343e+02
1.174897554939529e+02
1.188502227437019e+02
1.202264434617413e+02
1.216186000646368e+02
1.230268770812381e+02
1.244514611771386e+02
1.258925411794168e+02
1.273503081016662e+02
1.288249551693134e+02
1.303166778452300e+02
1.318256738556407e+02
1.333521432163324e+02
1.348962882591653e+02
1.364583136588925e+02
1.380384264602885e+02
1.396368361055938e+02
1.412537544622754e+02
1.428893958511104e+02
1.445439770745928e+02
1.462177174456718e+02
1.479108388168207e+02
1.496235656094434e+02
1.513561248436208e+02
1.531087461682030e+02
1.548816618912481e+02
1.566751070108149e+02
1.584893192461114e+02
1.603245390690042e+02
1.621810097358930e+02
1.640589773199539e+02
1.659586907437561e+02
1.678804018122561e+02
1.698243652461744e+02
1.717908387157588e+02
1.737800828749376e+02
1.757923613958693e+02
1.778279410038923e+02
1.798870915128787e+02
1.819700858609985e+02
1.840772001468956e+02
1.862087136662868e+02
1.883649089489800e+02
1.905460717963248e+02
1.927524913190937e+02
1.949844599758046e+02
1.972422736114854e+02
1.995262314968881e+02
2.018366363681561e+02
2.041737944669530e+02
2.065380155810529e+02
2.089296130854039e+02
2.113489039836648e+02
2.137962089502232e+02
2.162718523727020e+02
2.187761623949552e+02
2.213094709605639e+02
2.238721138568340e+02
2.264644307593059e+02
2.290867652767772e+02
2.317394649968480e+02
2.344228815319923e+02
2.371373705661655e+02
2.398832919019490e+02
2.426610095082417e+02
2.454708915685031e+02
2.483133105295570e+02
2.511886431509580e+02
2.540972705549306e+02
2.570395782768865e+02
2.600159563165272e+02
2.630267991895382e+02
2.660725059798811e+02
2.691534803926917e+02
2.722701308077912e+02
2.754228703338166e+02
2.786121168629769e+02
2.818382931264455e+02
2.851018267503910e+02
2.884031503126606e+02
2.917427014001166e+02
2.951209226666387e+02
2.985382618917960e+02
3.019951720402016e+02
3.054921113215512e+02
3.090295432513592e+02
3.126079367123955e+02
3.162277660168379e+02
3.198895109691397e+02
3.235936569296284e+02
3.273406948788383e+02
3.311311214825911e+02
3.349654391578276e+02
3.388441561392027e+02
3.427677865464505e+02
3.467368504525317e+02
3.507518739525679e+02
3.548133892335757e+02
3.589219346450053e+02
3.630780547701014e+02
3.672823004980846e+02
3.715352290971724e+02
3.758374042884444e+02
3.801893963205613e+02
3.845917820453535e+02
3.890451449942805e+02
3.935500754557776e+02
3.981071705534973e+02
4.027170343254591e+02
4.073802778041126e+02
4.120975190973304e+02
4.168693834703355e+02
4.216965034285822e+02
4.265795188015925e+02
4.315190768277654e+02
4.365158322401660e+02
4.415704473533125e+02
4.466835921509630e+02
4.518559443749226e+02
4.570881896148751e+02
4.623810213992603e+02
4.677351412871981e+02
4.731512589614808e+02
4.786300923226385e+02
4.841723675840994e+02
4.897788193684461e+02
4.954501908047901e+02
5.011872336272725e+02
5.069907082747044e+02
5.128613839913648e+02
5.188000389289609e+02
5.248074602497728e+02
5.308844442309885e+02
5.370317963702527e+02
5.432503314924330e+02
5.495408738576248e+02
5.559042572704037e+02
5.623413251903490e+02
5.688529308438414e+02
5.754399373371573e+02
5.821032177708717e+02
5.888436553555889e+02
5.956621435290103e+02
6.025595860743580e+02
6.095368972401693e+02
6.165950018614822e+02
6.237348354824192e+02
6.309573444801936e+02
6.382634861905489e+02
6.456542290346556e+02
6.531305526474722e+02
6.606934480075957e+02
6.683439175686149e+02
6.760829753919819e+02
6.839116472814293e+02
6.918309709189363e+02
6.998419960022737e+02
7.079457843841381e+02
7.161434102129019e+02
7.244359600749899e+02
7.328245331389045e+02
7.413102413009177e+02
7.498942093324558e+02
7.585775750291835e+02
7.673614893618194e+02
7.762471166286920e+02
7.852356346100719e+02
7.943282347242813e+02
8.035261221856176e+02
8.128305161640994e+02
8.222426499470712e+02
8.317637711026708e+02
8.413951416451956e+02
8.511380382023767e+02
8.609937521846007e+02
8.709635899560805e+02
8.810488730080137e+02
8.912509381337459e+02
9.015711376059570e+02
9.120108393559096e+02
9.225714271547629e+02
9.332543007969914e+02
9.440608762859235e+02
9.549925860214358e+02
9.660508789898131e+02
9.772372209558112e+02
9.885530946569392e+02
1.000000000000000e+03
1.011579454259898e+03
1.023292992280755e+03
1.035142166679344e+03
1.047128548050900e+03
1.059253725177289e+03
1.071519305237607e+03
1.083926914021204e+03
1.096478196143185e+03
1.109174815262401e+03
1.122018454301964e+03
1.135010815672315e+03
1.148153621496883e+03
1.161448613840343e+03
1.174897554939530e+03
1.188502227437019e+03
1.202264434617413e+03
1.216186000646368e+03
1.230268770812381e+03
1.244514611771385e+03
1.258925411794167e+03
1.273503081016662e+03
1.288249551693134e+03
1.303166778452300e+03
1.318256738556407e+03
1.333521432163324e+03
1.348962882591653e+03
1.364583136588925e+03
1.380384264602885e+03
1.396368361055938e+03
1.412537544622754e+03
1.428893958511104e+03
1.445439770745928e+03
1.462177174456718e+03
1.479108388168207e+03
1.496235656094434e+03
1.513561248436209e+03
1.531087461682030e+03
1.548816618912481e+03
1.566751070108150e+03
1.584893192461114e+03
1.603245390690042e+03
1.621810097358930e+03
1.640589773199539e+03
1.659586907437561e+03
1.678804018122561e+03
1.698243652461744e+03
1.717908387157588e+03
1.737800828749376e+03
1.757923613958693e+03
1.778279410038923e+03
1.798870915128787e+03
1.819700858609984e+03
1.840772001468956e+03
1.862087136662867e+03
1.883649089489800e+03
1.905460717963248e+03
1.927524913190937e+03
1.949844599758045e+03
1.972422736114853e+03
1.995262314968881e+03
2.018366363681562e+03
2.041737944669530e+03
2.065380155810529e+03
2.089296130854041e+03
2.113489039836647e+03
2.137962089502233e+03
2.162718523727020e+03
2.187761623949551e+03
2.213094709605638e+03
2.238721138568340e+03
2.264644307593060e+03
2.290867652767773e+03
2.317394649968480e+03
2.344228815319922e+03
2.371373705661655e+03
2.398832919019490e+03
2.426610095082417e+03
2.454708915685031e+03
2.483133105295570e+03
2.511886431509579e+03
2.540972705549306e+03
2.570395782768865e+03
2.600159563165272e+03
2.630267991895381e+03
2.660725059798811e+03
2.691534803926917e+03
2.722701308077912e+03
2.754228703338166e+03
2.786121168629772e+03
2.818382931264455e+03
2.851018267503910e+03
2.884031503126605e+03
2.917427014001166e+03
2.951209226666387e+03
2.985382618917960e+03
3.019951720402016e+03
3.054921113215512e+03
3.090295432513592e+03
3.126079367123956e+03
3.162277660168379e+03
3.198895109691397e+03
3.235936569296284e+03
3.273406948788383e+03
3.311311214825911e+03
3.349654391578276e+03
3.388441561392027e+03
3.427677865464505e+03
3.467368504525316e+03
3.507518739525679e+03
3.548133892335757e+03
3.589219346450053e+03
3.630780547701014e+03
3.672823004980846e+03
3.715352290971728e+03
3.758374042884443e+03
3.801893963205613e+03
3.845917820453535e+03
3.890451449942805e+03
3.935500754557776e+03
3.981071705534973e+03
4.027170343254591e+03
4.073802778041126e+03
4.120975190973304e+03
4.168693834703355e+03
4.216965034285822e+03
4.265795188015925e+03
4.315190768277655e+03
4.365158322401660e+03
4.415704473533125e+03
4.466835921509631e+03
4.518559443749226e+03
4.570881896148752e+03
4.623810213992603e+03
4.677351412871981e+03
4.731512589614807e+03
4.786300923226385e+03
4.841723675840994e+03
4.897788193684461e+03
4.954501908047905e+03
5.011872336272725e+03
5.069907082747044e+03
5.128613839913648e+03
5.188000389289609e+03
5.248074602497728e+03
5.308844442309884e+03
5.370317963702527e+03
5.432503314924330e+03
5.495408738576248e+03
5.559042572704037e+03
5.623413251903490e+03
5.688529308438413e+03
5.754399373371572e+03
5.821032177708717e+03
5.888436553555890e+03
5.956621435290103e+03
6.025595860743581e+03
6.095368972401694e+03
6.165950018614823e+03
6.237348354824191e+03
6.309573444801937e+03
6.382634861905489e+03
6.456542290346556e+03
6.531305526474723e+03
6.606934480075965e+03
6.683439175686149e+03
6.760829753919818e+03
6.839116472814292e+03
6.918309709189362e+03
6.998419960022738e+03
7.079457843841380e+03
7.161434102129019e+03
7.244359600749898e+03
7.328245331389045e+03
7.413102413009176e+03
7.498942093324558e+03
7.585775750291836e+03
7.673614893618193e+03
7.762471166286919e+03
7.852356346100719e+03
7.943282347242814e+03
8.035261221856177e+03
8.128305161640996e+03
8.222426499470712e+03
8.317637711026709e+03
8.413951416451957e+03
8.511380382023768e+03
8.609937521846006e+03
8.709635899560804e+03
8.810488730080146e+03
8.912509381337459e+03
9.015711376059571e+03
9.120108393559096e+03
9.225714271547638e+03
9.332543007969914e+03
9.440608762859234e+03
9.549925860214358e+03
9.660508789898129e+03
9.772372209558111e+03
9.885530946569390e+03
1.000000000000000e+04
1.011579454259898e+04
1.023292992280754e+04
1.035142166679343e+04
1.047128548050901e+04
1.059253725177290e+04
1.071519305237607e+04
1.083926914021204e+04
1.096478196143185e+04
1.109174815262401e+04
1.122018454301963e+04
1.135010815672314e+04
1.148153621496884e+04
1.161448613840344e+04
1.174897554939530e+04
1.188502227437019e+04
1.202264434617413e+04
1.216186000646368e+04
1.230268770812381e+04
1.244514611771384e+04
1.258925411794166e+04
1.273503081016663e+04
1.288249551693135e+04
1.303166778452300e+04
1.318256738556407e+04
1.333521432163324e+04
1.348962882591653e+04
1.364583136588924e+04
1.380384264602884e+04
1.396368361055939e+04
1.412537544622755e+04
1.428893958511104e+04
1.445439770745928e+04
1.462177174456718e+04
1.479108388168207e+04
1.496235656094433e+04
1.513561248436207e+04
1.531087461682032e+04
1.548816618912483e+04
1.566751070108150e+04
1.584893192461114e+04
1.603245390690042e+04
1.621810097358930e+04
1.640589773199539e+04
1.659586907437560e+04
1.678804018122559e+04
1.698243652461746e+04
1.717908387157589e+04
1.737800828749376e+04
1.757923613958693e+04
1.778279410038923e+04
1.798870915128788e+04
1.819700858609983e+04
1.840772001468954e+04
1.862087136662869e+04
1.883649089489802e+04
1.905460717963248e+04
1.927524913190936e+04
1.949844599758045e+04
1.972422736114853e+04
1.995262314968879e+04
2.018366363681560e+04
2.041737944669531e+04
2.065380155810531e+04
2.089296130854041e+04
2.113489039836647e+04
2.137962089502232e+04
2.162718523727020e+04
2.187761623949552e+04
2.213094709605636e+04
2.238721138568342e+04
2.264644307593062e+04
2.290867652767774e+04
2.317394649968480e+04
2.344228815319923e+04
2.371373705661656e+04
2.398832919019490e+04
2.426610095082414e+04
2.454708915685028e+04
2.483133105295573e+04
2.511886431509582e+04
2.540972705549306e+04
2.570395782768865e+04
2.600159563165272e+04
2.630267991895381e+04
2.660725059798808e+04
2.691534803926914e+04
2.722701308077915e+04
2.754228703338169e+04
2.786121168629772e+04
2.818382931264455e+04
2.851018267503910e+04
2.884031503126605e+04
2.917427014001166e+04
2.951209226666384e+04
2.985382618917963e+04
3.019951720402019e+04
3.054921113215515e+04
3.090295432513592e+04
3.126079367123956e+04
3.162277660168380e+04
3.198895109691397e+04
3.235936569296281e+04
3.273406948788380e+04
3.311311214825915e+04
3.349654391578279e+04
3.388441561392028e+04
3.427677865464504e+04
3.467368504525317e+04
3.507518739525679e+04
3.548133892335753e+04
3.589219346450050e+04
3.630780547701017e+04
3.672823004980850e+04
3.715352290971728e+04
3.758374042884443e+04
3.801893963205612e+04
3.845917820453535e+04
3.890451449942804e+04
3.935500754557772e+04
3.981071705534977e+04
4.027170343254595e+04
4.073802778041130e+04
4.120975190973304e+04
4.168693834703355e+04
4.216965034285822e+04
4.265795188015926e+04
4.315190768277650e+04
4.365158322401656e+04
4.415704473533130e+04
4.466835921509634e+04
4.518559443749226e+04
4.570881896148752e+04
4.623810213992603e+04
4.677351412871981e+04
4.731512589614803e+04
4.786300923226381e+04
4.841723675840999e+04
4.897788193684466e+04
4.954501908047905e+04
5.011872336272725e+04
5.069907082747044e+04
5.128613839913648e+04
5.188000389289609e+04
5.248074602497723e+04
5.308844442309890e+04
5.370317963702532e+04
5.432503314924336e+04
5.495408738576248e+04
5.559042572704037e+04
5.623413251903490e+04
5.688529308438413e+04
5.754399373371566e+04
5.821032177708710e+04
5.888436553555896e+04
5.956621435290109e+04
6.025595860743581e+04
6.095368972401693e+04
6.165950018614822e+04
6.237348354824191e+04
6.309573444801930e+04
6.382634861905483e+04
6.456542290346563e+04
6.531305526474730e+04
6.606934480075965e+04
6.683439175686149e+04
6.760829753919819e+04
6.839116472814293e+04
6.918309709189362e+04
6.998419960022731e+04
7.079457843841387e+04
7.161434102129027e+04
7.244359600749906e+04
7.328245331389045e+04
7.413102413009177e+04
7.498942093324558e+04
7.585775750291835e+04
7.673614893618185e+04
7.762471166286911e+04
7.852356346100726e+04
7.943282347242821e+04
8.035261221856177e+04
8.128305161640995e+04
8.222426499470712e+04
8.317637711026709e+04
8.413951416451947e+04
8.511380382023759e+04
8.609937521846016e+04
8.709635899560814e+04
8.810488730080146e+04
8.912509381337458e+04
9.015711376059569e+04
9.120108393559096e+04
9.225714271547628e+04
9.332543007969906e+04
9.440608762859246e+04
9.549925860214370e+04
9.660508789898141e+04
9.772372209558112e+04
9.885530946569391e+04
1.000000000000000e+05
1.011579454259898e+05
1.023292992280754e+05
1.035142166679343e+05
1.047128548050901e+05
1.059253725177290e+05
1.071519305237607e+05
1.083926914021204e+05
1.096478196143185e+05
1.109174815262401e+05
1.122018454301963e+05
1.135010815672314e+05
1.148153621496884e+05
1.161448613840344e+05
1.174897554939530e+05
1.188502227437019e+05
1.202264434617413e+05
1.216186000646368e+05
1.230268770812381e+05
1.244514611771384e+05
1.258925411794169e+05
1.273503081016663e+05
1.288249551693135e+05
1.303166778452300e+05
1.318256738556408e+05
1.333521432163324e+05
1.348962882591653e+05
1.364583136588924e+05
1.380384264602884e+05
1.396368361055939e+05
1.412537544622755e+05
1.428893958511103e+05
1.445439770745928e+05
1.462177174456718e+05
1.479108388168207e+05
1.496235656094433e+05
1.513561248436207e+05
1.531087461682032e+05
1.548816618912483e+05
1.566751070108150e+05
1.584893192461114e+05
1.603245390690042e+05
1.621810097358930e+05
1.640589773199539e+05
1.659586907437560e+05
1.678804018122562e+05
1.698243652461746e+05
1.717908387157589e+05
1.737800828749376e+05
1.757923613958693e+05
1.778279410038923e+05
1.798870915128787e+05
1.819700858609983e+05
1.840772001468954e+05
1.862087136662870e+05
1.883649089489802e+05
1.905460717963248e+05
1.927524913190937e+05
1.949844599758046e+05
1.972422736114853e+05
1.995262314968879e+05
2.018366363681560e+05
2.041737944669531e+05
2.065380155810531e+05
2.089296130854041e+05
2.113489039836648e+05
2.137962089502232e+05
2.162718523727020e+05
2.187761623949552e+05
2.213094709605636e+05
2.238721138568342e+05
2.264644307593062e+05
2.290867652767775e+05
2.317394649968480e+05
2.344228815319923e+05
2.371373705661655e+05
2.398832919019490e+05
2.426610095082414e+05
2.454708915685028e+05
2.483133105295573e+05
2.511886431509582e+05
2.540972705549307e+05
2.570395782768865e+05
2.600159563165272e+05
2.630267991895382e+05
2.660725059798809e+05
2.691534803926914e+05
2.722701308077915e+05
2.754228703338169e+05
2.786121168629772e+05
2.818382931264455e+05
2.851018267503909e+05
2.884031503126606e+05
2.917427014001166e+05
2.951209226666384e+05
2.985382618917963e+05
3.019951720402019e+05
3.054921113215515e+05
3.090295432513592e+05
3.126079367123956e+05
3.162277660168379e+05
3.198895109691397e+05
3.235936569296281e+05
3.273406948788379e+05
3.311311214825914e+05
3.349654391578279e+05
3.388441561392027e+05
3.427677865464505e+05
3.467368504525317e+05
3.507518739525679e+05
3.548133892335753e+05
3.589219346450050e+05
3.630780547701017e+05
3.672823004980850e+05
3.715352290971728e+05
3.758374042884443e+05
3.801893963205613e+05
3.845917820453536e+05
3.890451449942805e+05
3.935500754557772e+05
3.981071705534977e+05
4.027170343254595e+05
4.073802778041130e+05
4.120975190973304e+05
4.168693834703355e+05
4.216965034285822e+05
4.265795188015925e+05
4.315190768277650e+05
4.365158322401656e+05
4.415704473533129e+05
4.466835921509634e+05
4.518559443749226e+05
4.570881896148751e+05
4.623810213992603e+05
4.677351412871981e+05
4.731512589614803e+05
4.786300923226380e+05
4.841723675840999e+05
4.897788193684466e+05
4.954501908047905e+05
5.011872336272725e+05
5.069907082747045e+05
5.128613839913649e+05
5.188000389289610e+05
5.248074602497723e+05
5.308844442309890e+05
5.370317963702532e+05
5.432503314924336e+05
5.495408738576248e+05
5.559042572704037e+05
5.623413251903490e+05
5.688529308438413e+05
5.754399373371566e+05
5.821032177708710e+05
5.888436553555896e+05
5.956621435290109e+05
6.025595860743581e+05
6.095368972401693e+05
6.165950018614822e+05
6.237348354824191e+05
6.309573444801930e+05
6.382634861905483e+05
6.456542290346562e+05
6.531305526474729e+05
6.606934480075964e+05
6.683439175686148e+05
6.760829753919819e+05
6.839116472814293e+05
6.918309709189362e+05
6.998419960022731e+05
7.079457843841388e+05
7.161434102129027e+05
7.244359600749905e+05
7.328245331389044e+05
7.413102413009177e+05
7.498942093324559e+05
7.585775750291836e+05
7.673614893618186e+05
7.762471166286912e+05
7.852356346100726e+05
7.943282347242822e+05
8.035261221856177e+05
8.128305161640994e+05
8.222426499470712e+05
8.317637711026708e+05
8.413951416451947e+05
8.511380382023759e+05
8.609937521846016e+05
8.709635899560814e+05
8.810488730080146e+05
8.912509381337458e+05
9.015711376059570e+05
9.120108393559096e+05
9.225714271547628e+05
9.332543007969905e+05
9.440608762859246e+05
9.549925860214368e+05
9.660508789898141e+05
9.772372209558111e+05
9.885530946569390e+05
1.000000000000000e+06
1.011579454259898e+06
1.023292992280754e+06
1.035142166679345e+06
1.047128548050901e+06
1.059253725177290e+06
1.071519305237607e+06
1.083926914021204e+06
1.096478196143185e+06
1.109174815262401e+06
1.122018454301963e+06
1.135010815672314e+06
1.148153621496884e+06
1.161448613840344e+06
1.174897554939530e+06
1.188502227437019e+06
1.202264434617413e+06
1.216186000646368e+06
1.230268770812381e+06
1.244514611771384e+06
1.258925411794169e+06
1.273503081016663e+06
1.288249551693135e+06
1.303166778452300e+06
1.318256738556407e+06
1.333521432163324e+06
1.348962882591653e+06
1.364583136588924e+06
1.380384264602887e+06
1.396368361055939e+06
1.412537544622755e+06
1.428893958511104e+06
1.445439770745928e+06
1.462177174456718e+06
1.479108388168207e+06
1.496235656094433e+06
1.513561248436207e+06
1.531087461682032e+06
1.548816618912483e+06
1.566751070108150e+06
1.584893192461114e+06
1.603245390690042e+06
1.621810097358930e+06
1.640589773199539e+06
1.659586907437560e+06
1.678804018122562e+06
1.698243652461746e+06
1.717908387157589e+06
1.737800828749376e+06
1.757923613958693e+06
1.778279410038923e+06
1.798870915128787e+06
1.819700858609983e+06
1.840772001468958e+06
1.862087136662869e+06
1.883649089489802e+06
1.905460717963248e+06
1.927524913190937e+06
1.949844599758046e+06
1.972422736114853e+06
1.995262314968879e+06
2.018366363681560e+06
2.041737944669532e+06
2.065380155810531e+06
2.089296130854041e+06
2.113489039836647e+06
2.137962089502233e+06
2.162718523727020e+06
2.187761623949552e+06
2.213094709605636e+06
2.238721138568342e+06
2.264644307593062e+06
2.290867652767775e+06
2.317394649968480e+06
2.344228815319923e+06
2.371373705661655e+06
2.398832919019490e+06
2.426610095082414e+06
2.454708915685033e+06
2.483133105295573e+06
2.511886431509582e+06
2.540972705549306e+06
2.570395782768865e+06
2.600159563165272e+06
2.630267991895381e+06
2.660725059798808e+06
2.691534803926914e+06
2.722701308077916e+06
2.754228703338169e+06
2.786121168629772e+06
2.818382931264455e+06
2.851018267503910e+06
2.884031503126605e+06
2.917427014001166e+06
2.951209226666384e+06
2.985382618917963e+06
3.019951720402019e+06
3.054921113215516e+06
3.090295432513592e+06
3.126079367123956e+06
3.162277660168380e+06
3.198895109691397e+06
3.235936569296281e+06
3.273406948788386e+06
3.311311214825914e+06
3.349654391578279e+06
3.388441561392027e+06
3.427677865464505e+06
3.467368504525316e+06
3.507518739525679e+06
3.548133892335753e+06
3.589219346450049e+06
3.630780547701017e+06
3.672823004980850e+06
3.715352290971728e+06
3.758374042884443e+06
3.801893963205612e+06
3.845917820453535e+06
3.890451449942805e+06
3.935500754557772e+06
3.981071705534977e+06
4.027170343254595e+06
4.073802778041130e+06
4.120975190973304e+06
4.168693834703355e+06
4.216965034285823e+06
4.265795188015926e+06
4.315190768277650e+06
4.365158322401665e+06
4.415704473533129e+06
4.466835921509635e+06
4.518559443749226e+06
4.570881896148751e+06
4.623810213992603e+06
4.677351412871981e+06
4.731512589614803e+06
4.786300923226380e+06
4.841723675840998e+06
4.897788193684466e+06
4.954501908047905e+06
5.011872336272725e+06
5.069907082747044e+06
5.128613839913648e+06
5.188000389289609e+06
5.248074602497723e+06
5.308844442309890e+06
5.370317963702532e+06
5.432503314924336e+06
5.495408738576248e+06
5.559042572704037e+06
5.623413251903491e+06
5.688529308438413e+06
5.754399373371566e+06
5.821032177708722e+06
5.888436553555896e+06
5.956621435290109e+06
6.025595860743581e+06
6.095368972401694e+06
6.165950018614823e+06
6.237348354824192e+06
6.309573444801930e+06
6.382634861905483e+06
6.456542290346563e+06
6.531305526474729e+06
6.606934480075964e+06
6.683439175686148e+06
6.760829753919818e+06
6.839116472814293e+06
6.918309709189363e+06
6.998419960022731e+06
7.079457843841387e+06
7.161434102129026e+06
7.244359600749905e+06
7.328245331389044e+06
7.413102413009177e+06
7.498942093324558e+06
7.585775750291836e+06
7.673614893618186e+06
7.762471166286928e+06
7.852356346100726e+06
7.943282347242821e+06
8.035261221856178e+06
8.128305161640995e+06
8.222426499470713e+06
8.317637711026709e+06
8.413951416451948e+06
8.511380382023759e+06
8.609937521846017e+06
8.709635899560815e+06
8.810488730080146e+06
8.912509381337458e+06
9.015711376059569e+06
9.120108393559096e+06
9.225714271547629e+06
9.332543007969905e+06
9.440608762859246e+06
9.549925860214369e+06
9.660508789898140e+06
9.772372209558111e+06
9.885530946569391e+06
1.000000000000000e+07
1.011579454259898e+07
1.023292992280754e+07
1.035142166679345e+07
1.047128548050901e+07
1.059253725177290e+07
1.071519305237607e+07
1.083926914021204e+07
1.096478196143185e+07
1.109174815262401e+07
1.122018454301963e+07
1.135010815672314e+07
1.148153621496884e+07
1.161448613840344e+07
1.174897554939530e+07
1.188502227437019e+07
1.202264434617413e+07
1.216186000646368e+07
1.230268770812381e+07
1.244514611771384e+07
1.258925411794169e+07
1.273503081016663e+07
1.288249551693135e+07
1.303166778452300e+07
1.318256738556407e+07
1.333521432163324e+07
1.348962882591653e+07
1.364583136588924e+07
1.380384264602887e+07
1.396368361055939e+07
1.412537544622755e+07
1.428893958511104e+07
1.445439770745928e+07
1.462177174456718e+07
1.479108388168207e+07
1.496235656094433e+07
1.513561248436207e+07
1.531087461682032e+07
1.548816618912483e+07
1.566751070108150e+07
1.584893192461114e+07
1.603245390690042e+07
1.621810097358930e+07
1.640589773199539e+07
1.659586907437560e+07
1.678804018122562e+07
1.698243652461746e+07
1.717908387157589e+07
1.737800828749376e+07
1.757923613958693e+07
1.778279410038923e+07
1.798870915128787e+07
1.819700858609982e+07
1.840772001468958e+07
1.862087136662870e+07
1.883649089489802e+07
1.905460717963248e+07
1.927524913190937e+07
1.949844599758045e+07
1.972422736114853e+07
1.995262314968879e+07
2.018366363681560e+07
2.041737944669532e+07
2.065380155810531e+07
2.089296130854041e+07
2.113489039836648e+07
2.137962089502233e+07
2.162718523727020e+07
2.187761623949552e+07
2.213094709605636e+07
2.238721138568342e+07
2.264644307593062e+07
2.290867652767774e+07
2.317394649968480e+07
2.344228815319923e+07
2.371373705661655e+07
2.398832919019490e+07
2.426610095082415e+07
2.454708915685034e+07
2.483133105295573e+07
2.511886431509582e+07
2.540972705549306e+07
2.570395782768865e+07
2.600159563165272e+07
2.630267991895381e+07
2.660725059798808e+07
2.691534803926914e+07
2.722701308077915e+07
2.754228703338169e+07
2.786121168629772e+07
2.818382931264455e+07
2.851018267503910e+07
2.884031503126606e+07
2.917427014001166e+07
2.951209226666384e+07
2.985382618917963e+07
3.019951720402019e+07
3.054921113215515e+07
3.090295432513592e+07
3.126079367123955e+07
3.162277660168379e+07
3.198895109691397e+07
3.235936569296281e+07
3.273406948788386e+07
3.311311214825915e+07
3.349654391578279e+07
3.388441561392027e+07
3.427677865464505e+07
3.467368504525317e+07
3.507518739525679e+07
3.548133892335753e+07
3.589219346450049e+07
3.630780547701018e+07
3.672823004980850e+07
3.715352290971728e+07
3.758374042884443e+07
3.801893963205612e+07
3.845917820453535e+07
3.890451449942804e+07
3.935500754557772e+07
3.981071705534977e+07
4.027170343254595e+07
4.073802778041130e+07
4.120975190973304e+07
4.168693834703355e+07
4.216965034285823e+07
4.265795188015925e+07
4.315190768277650e+07
4.365158322401665e+07
4.415704473533130e+07
4.466835921509635e+07
4.518559443749226e+07
4.570881896148752e+07
4.623810213992603e+07
4.677351412871981e+07
4.731512589614803e+07
4.786300923226380e+07
4.841723675840999e+07
4.897788193684467e+07
4.954501908047906e+07
5.011872336272725e+07
5.069907082747044e+07
5.128613839913648e+07
5.188000389289609e+07
5.248074602497723e+07
5.308844442309890e+07
5.370317963702532e+07
5.432503314924336e+07
5.495408738576248e+07
5.559042572704037e+07
5.623413251903491e+07
5.688529308438413e+07
5.754399373371566e+07
5.821032177708721e+07
5.888436553555895e+07
5.956621435290109e+07
6.025595860743581e+07
6.095368972401693e+07
6.165950018614822e+07
6.237348354824191e+07
6.309573444801930e+07
6.382634861905496e+07
6.456542290346563e+07
6.531305526474730e+07
6.606934480075965e+07
6.683439175686149e+07
6.760829753919819e+07
6.839116472814293e+07
6.918309709189363e+07
6.998419960022731e+07
7.079457843841387e+07
7.161434102129027e+07
7.244359600749905e+07
7.328245331389044e+07
7.413102413009177e+07
7.498942093324558e+07
7.585775750291836e+07
7.673614893618184e+07
7.762471166286927e+07
7.852356346100725e+07
7.943282347242820e+07
8.035261221856177e+07
8.128305161640994e+07
8.222426499470712e+07
8.317637711026709e+07
8.413951416451947e+07
8.511380382023776e+07
8.609937521846016e+07
8.709635899560814e+07
8.810488730080147e+07
8.912509381337459e+07
9.015711376059569e+07
9.120108393559097e+07
9.225714271547627e+07
9.332543007969904e+07
9.440608762859245e+07
9.549925860214369e+07
9.660508789898141e+07
9.772372209558113e+07
9.885530946569392e+07
1.000000000000000e+08
